nctid,score,label,split
NCT00087451,0.5002140998840332,0,valid
NCT01832766,0.2109350860118866,0,valid
NCT00324623,0.21788056194782257,1,valid
NCT01451632,0.5633759498596191,1,valid
NCT00093704,0.3573185205459595,0,valid
NCT01291914,0.2476584017276764,1,valid
NCT00565227,0.6752088069915771,0,valid
NCT01259089,0.49031516909599304,0,valid
NCT01448200,0.7617828249931335,1,valid
NCT00667420,0.3914564549922943,0,valid
NCT00156013,0.5870985984802246,1,valid
NCT00551122,0.5550047159194946,1,valid
NCT00903006,0.519379198551178,0,valid
NCT01298401,0.47212812304496765,0,valid
NCT00621725,0.3686104416847229,0,valid
NCT01942382,0.2109350860118866,0,valid
NCT01050764,0.5386269688606262,0,valid
NCT00374985,0.5712918043136597,1,valid
NCT00350844,0.9749085307121277,0,valid
NCT01682902,0.8994863629341125,1,valid
NCT01131364,0.519379198551178,1,valid
NCT01027676,0.5004231333732605,1,valid
NCT01154387,0.4738403558731079,1,valid
NCT01009346,0.3760974705219269,0,valid
NCT02890511,0.5550047159194946,1,valid
NCT00334932,0.2138465940952301,0,valid
NCT00099463,0.622618556022644,1,valid
NCT01082068,0.519379198551178,1,valid
NCT00450138,0.3760974705219269,1,valid
NCT01340066,0.4683186411857605,1,valid
NCT00306202,0.47939592599868774,1,valid
NCT00904423,0.519379198551178,0,valid
NCT00716456,0.5004231333732605,0,valid
NCT00402415,0.6642411351203918,0,valid
NCT00598091,0.25028547644615173,0,valid
NCT00513214,0.8152530193328857,1,valid
NCT00121290,0.3286374807357788,1,valid
NCT00512668,0.30919772386550903,0,valid
NCT01133912,0.519379198551178,1,valid
NCT01555268,0.018669966608285904,1,valid
NCT01867866,0.7681069374084473,1,valid
NCT00279240,0.6791405081748962,1,valid
NCT00500747,0.5994810461997986,1,valid
NCT00618527,0.28146547079086304,1,valid
NCT00630786,0.4545714557170868,1,valid
NCT00389285,0.410825252532959,1,valid
NCT00715403,0.5550047159194946,1,valid
NCT00598923,0.9749495387077332,0,valid
NCT01353534,0.622618556022644,1,valid
NCT00256334,0.4545714557170868,0,valid
NCT01154335,0.5550047159194946,1,valid
NCT01227239,0.3914564549922943,0,valid
NCT01623466,0.622618556022644,0,valid
NCT00329004,0.7277956604957581,1,valid
NCT01107899,0.8146459460258484,0,valid
NCT01463982,0.7681069374084473,1,valid
NCT01296568,0.7681069374084473,0,valid
NCT01028781,0.4683186411857605,0,valid
NCT00062127,0.3286374807357788,0,valid
NCT01474161,0.008708984591066837,1,valid
NCT00703807,0.7474481463432312,1,valid
NCT00463697,0.3757370412349701,1,valid
NCT00098514,0.3286374807357788,0,valid
NCT00147875,0.9831894636154175,1,valid
NCT01350258,0.9847627282142639,0,valid
NCT01046630,0.8864009380340576,1,valid
NCT01003678,0.46162039041519165,0,valid
NCT01405963,0.690162718296051,1,valid
NCT00529100,0.3453196883201599,1,valid
NCT01704599,0.8238052129745483,0,valid
NCT01385657,0.28567469120025635,1,valid
NCT00588640,0.9743272662162781,1,valid
NCT01702740,0.6614505052566528,0,valid
NCT00170053,0.8379916548728943,0,valid
NCT00985907,0.5536584854125977,0,valid
NCT00255333,0.6642411351203918,0,valid
NCT00073723,0.3453196883201599,1,valid
NCT00423852,0.5550047159194946,0,valid
NCT01314885,0.9171122908592224,1,valid
NCT01247363,0.8152530193328857,1,valid
NCT01606397,0.8152530193328857,1,valid
NCT00712790,0.410825252532959,1,valid
NCT00647972,0.622618556022644,0,valid
NCT01176851,0.622618556022644,1,valid
NCT03070730,0.4683186411857605,0,valid
NCT00426829,0.38061580061912537,0,valid
NCT01555008,0.471914142370224,1,valid
NCT01469065,0.8152530193328857,1,valid
NCT01217411,0.5339285731315613,0,valid
NCT01431898,0.5994810461997986,1,valid
NCT01640834,0.753731369972229,1,valid
NCT00254293,0.8035552501678467,1,valid
NCT00369226,0.8812363743782043,1,valid
NCT00649207,0.217370867729187,1,valid
NCT01464112,0.5536584854125977,1,valid
NCT01373450,0.8152530193328857,1,valid
NCT00314782,0.40907925367355347,1,valid
NCT00209612,0.5550047159194946,0,valid
NCT01078376,0.4963243901729584,0,valid
NCT00290719,0.4483014643192291,0,valid
NCT01704417,0.8994863629341125,1,valid
NCT00598104,0.690162718296051,0,valid
NCT01169298,0.5870985984802246,1,valid
NCT00085566,0.40907925367355347,0,valid
NCT00279760,0.8035552501678467,1,valid
NCT01595867,0.7178240418434143,1,valid
NCT00597038,0.37146610021591187,1,valid
NCT01528111,0.35484540462493896,1,valid
NCT01244620,0.8366036415100098,0,valid
NCT01016483,0.3914564549922943,0,valid
NCT00003567,0.4179217517375946,0,valid
NCT00510718,0.40907925367355347,1,valid
NCT01347788,0.3914564549922943,1,valid
NCT00990496,0.583438515663147,0,valid
NCT00515866,0.47212812304496765,1,valid
NCT00246012,0.37146610021591187,0,valid
NCT00303732,0.27932462096214294,1,valid
NCT01288573,0.1726435422897339,1,test
NCT01558674,0.8215247988700867,0,test
NCT01575782,0.3453196883201599,0,test
NCT01609816,0.9773833751678467,0,test
NCT01657760,0.9999785423278809,1,test
NCT01746784,0.7567096948623657,1,test
NCT01799161,0.49031516909599304,0,test
NCT01803399,0.13315965235233307,0,test
NCT01812616,0.5550047159194946,1,test
NCT01836289,0.2993355691432953,0,test
NCT01838200,0.37146610021591187,0,test
NCT01849276,0.018669966608285904,0,test
NCT01852890,0.47212812304496765,1,test
NCT01889420,0.46558877825737,0,test
NCT01902225,0.5870985984802246,1,test
NCT01904643,0.018669966608285904,0,test
NCT01933594,0.5710806250572205,1,test
NCT01940133,0.7681069374084473,1,test
NCT01949532,0.8869044184684753,1,test
NCT01953809,0.13315965235233307,0,test
NCT01954732,0.47212812304496765,0,test
NCT01965600,0.622618556022644,0,test
NCT01966731,0.19052182137966156,1,test
NCT01972711,0.2109350860118866,1,test
NCT01975688,0.410825252532959,0,test
NCT01980667,0.7681069374084473,1,test
NCT01981499,0.9383432865142822,0,test
NCT01982435,0.5900020599365234,1,test
NCT01986751,0.06869719177484512,0,test
NCT01988493,0.410825252532959,1,test
NCT01992952,0.519379198551178,1,test
NCT02000700,0.8152530193328857,1,test
NCT02009488,0.8152530193328857,1,test
NCT02013128,0.4674783945083618,1,test
NCT02013362,0.5870985984802246,1,test
NCT02018523,0.5004231333732605,0,test
NCT02023424,0.4683186411857605,0,test
NCT02030483,0.5536584854125977,0,test
NCT02034071,0.4683186411857605,1,test
NCT02034292,0.8146459460258484,0,test
NCT02037165,0.622618556022644,1,test
NCT02037230,0.3914564549922943,1,test
NCT02040870,0.3453196883201599,1,test
NCT02041481,0.3954804837703705,1,test
NCT02043860,0.5536584854125977,0,test
NCT02044796,0.9451143145561218,1,test
NCT02047149,0.47939592599868774,0,test
NCT02049385,0.8864009380340576,0,test
NCT02050815,0.20229743421077728,1,test
NCT02052739,0.4086728096008301,1,test
NCT02054442,0.410825252532959,1,test
NCT02055690,0.5550047159194946,0,test
NCT02055924,0.5870985984802246,0,test
NCT02056756,0.5536584854125977,1,test
NCT02057770,0.43937790393829346,0,test
NCT02058407,0.4683186411857605,0,test
NCT02059967,0.49031516909599304,0,test
NCT02060253,0.5755711793899536,1,test
NCT02061449,0.5870985984802246,0,test
NCT02064608,0.40907925367355347,1,test
NCT02065466,0.37146610021591187,0,test
NCT02069119,0.441611111164093,0,test
NCT02070406,0.3286374807357788,0,test
NCT02071537,0.5550047159194946,0,test
NCT02073123,0.37146610021591187,1,test
NCT02074839,0.46162039041519165,1,test
NCT02074878,0.519379198551178,0,test
NCT02077881,0.36148545145988464,0,test
NCT02078089,0.5550047159194946,0,test
NCT02078310,0.509717583656311,1,test
NCT02078648,0.583438515663147,1,test
NCT02078960,0.949167788028717,0,test
NCT02079844,0.2109350860118866,1,test
NCT02079870,0.9994896650314331,1,test
NCT02080195,0.257747620344162,0,test
NCT02080416,0.626568615436554,0,test
NCT02083536,0.4488380551338196,0,test
NCT02083926,0.825185239315033,1,test
NCT02086513,0.257747620344162,0,test
NCT02092363,0.5550047159194946,0,test
NCT02096042,0.47939592599868774,0,test
NCT02096601,0.57609623670578,1,test
NCT02098629,0.43862974643707275,0,test
NCT02100657,0.5536584854125977,1,test
NCT02100852,0.4133908450603485,1,test
NCT02103335,0.22989778220653534,1,test
NCT02106897,0.6614505052566528,1,test
NCT02109224,0.15426650643348694,0,test
NCT02109341,0.47212812304496765,1,test
NCT02109627,0.2717365622520447,0,test
NCT02110992,0.3760974705219269,0,test
NCT02111551,0.5127226710319519,0,test
NCT02112799,0.5606755018234253,1,test
NCT02116010,0.4683186411857605,0,test
NCT02116959,0.4683186411857605,0,test
NCT02120339,0.995746910572052,0,test
NCT02120911,0.3914564549922943,1,test
NCT02121483,0.8152530193328857,1,test
NCT02121756,0.5710806250572205,0,test
NCT02121860,0.4635310173034668,1,test
NCT02123823,0.5550047159194946,0,test
NCT02128217,0.9885402321815491,1,test
NCT02129439,0.9917150139808655,1,test
NCT02131298,0.622618556022644,1,test
NCT02133742,0.410825252532959,1,test
NCT02134314,0.4337237775325775,0,test
NCT02134886,0.5648136138916016,0,test
NCT02135640,0.4683186411857605,1,test
NCT02136342,0.7681069374084473,1,test
NCT02137642,0.4240856170654297,0,test
NCT02138383,0.47212812304496765,1,test
NCT02138526,0.5550047159194946,0,test
NCT02141477,0.47939592599868774,0,test
NCT02141828,0.5053386092185974,1,test
NCT02142777,0.509717583656311,1,test
NCT02142803,0.8974129557609558,1,test
NCT02145559,0.5919584631919861,0,test
NCT02146222,0.3286374807357788,1,test
NCT02153437,0.441611111164093,0,test
NCT02153905,0.9986648559570312,0,test
NCT02154646,0.47212812304496765,1,test
NCT02154776,0.519379198551178,0,test
NCT02155088,0.47212812304496765,0,test
NCT02155465,0.3453196883201599,1,test
NCT02155582,0.5870985984802246,1,test
NCT02156466,0.8238052129745483,1,test
NCT02158091,0.4133908450603485,1,test
NCT02159248,0.47212812304496765,0,test
NCT02160015,0.5537260174751282,0,test
NCT02164240,0.7087034583091736,1,test
NCT02166229,0.055854830890893936,0,test
NCT02168270,0.7677966356277466,0,test
NCT02168907,0.045438945293426514,0,test
NCT02174822,0.5286220908164978,1,test
NCT02176486,0.9995107650756836,0,test
NCT02181660,0.47939592599868774,1,test
NCT02183675,0.622618556022644,1,test
NCT02186834,0.5536584854125977,0,test
NCT02187094,0.6366000175476074,0,test
NCT02188264,0.4370909631252289,1,test
NCT02189109,0.583438515663147,1,test
NCT02189343,0.5536584854125977,1,test
NCT02192697,0.3453196883201599,1,test
NCT02193490,0.9750120639801025,1,test
NCT02194374,0.47939592599868774,0,test
NCT02195869,0.257747620344162,1,test
NCT02195973,0.47312837839126587,1,test
NCT02199223,0.4683186411857605,0,test
NCT02200848,0.4674783945083618,0,test
NCT02202993,0.583438515663147,1,test
NCT02205398,0.5550047159194946,0,test
NCT02205554,0.06869719177484512,1,test
NCT02206100,0.622618556022644,1,test
NCT02209506,0.9800123572349548,0,test
NCT02210182,0.410825252532959,1,test
NCT02210663,0.7681069374084473,1,test
NCT02212067,0.8042500615119934,1,test
NCT02212561,0.45075860619544983,0,test
NCT02214147,0.7681069374084473,1,test
NCT02219516,0.4683186411857605,1,test
NCT02219737,0.5870985984802246,1,test
NCT02219789,0.00014360151544678956,1,test
NCT02221765,0.6910851001739502,0,test
NCT02222441,0.622618556022644,0,test
NCT02224599,0.21790656447410583,0,test
NCT02225574,0.47939592599868774,0,test
NCT02227329,0.4683186411857605,0,test
NCT02229981,0.5854569673538208,0,test
NCT02231658,0.7422101497650146,0,test
NCT02232152,0.3954804837703705,1,test
NCT02238717,0.622618556022644,1,test
NCT02240212,0.5550047159194946,1,test
NCT02240355,0.4683186411857605,0,test
NCT02242032,0.9750120639801025,1,test
NCT02242045,0.4674783945083618,1,test
NCT02243436,0.5870985984802246,1,test
NCT02244502,0.3914564549922943,1,test
NCT02245204,0.7681069374084473,1,test
NCT02249871,0.7129839062690735,1,test
NCT02250118,0.519379198551178,0,test
NCT02250300,0.4683186411857605,1,test
NCT02253212,0.1726435422897339,1,test
NCT02253277,0.949167788028717,0,test
NCT02254161,0.622618556022644,0,test
NCT02255162,0.47939592599868774,0,test
NCT02255461,0.9724627733230591,0,test
NCT02257177,0.4443885087966919,1,test
NCT02260492,0.690162718296051,1,test
NCT02262689,0.3757370412349701,1,test
NCT02265367,0.4683186411857605,0,test
NCT02267655,0.9913088083267212,1,test
NCT02267707,0.47212812304496765,0,test
NCT02268851,0.5870985984802246,1,test
NCT02269085,0.5870985984802246,0,test
NCT02269566,0.9493985176086426,0,test
NCT02275039,0.3905653655529022,1,test
NCT02275065,0.6447216272354126,1,test
NCT02275286,0.42305248975753784,1,test
NCT02275416,0.5097283720970154,1,test
NCT02277197,0.410825252532959,1,test
NCT02283372,0.47212812304496765,1,test
NCT02288208,0.4233430325984955,0,test
NCT02288507,0.777484655380249,0,test
NCT02289222,0.5536584854125977,1,test
NCT02289495,0.5710806250572205,0,test
NCT02290340,0.9893408417701721,1,test
NCT02291133,0.27709507942199707,1,test
NCT02292173,0.6938377618789673,1,test
NCT02292550,0.3453196883201599,1,test
NCT02296242,0.4321000576019287,1,test
NCT02297594,0.9148651361465454,1,test
NCT02299505,0.3453196883201599,1,test
NCT02299518,0.9836030006408691,1,test
NCT02300298,0.5004231333732605,1,test
NCT02300610,0.7922665476799011,1,test
NCT02300727,0.0033494061790406704,0,test
NCT02301104,0.7681069374084473,0,test
NCT02303912,0.47312837839126587,1,test
NCT02305563,0.47939592599868774,0,test
NCT02306291,0.43937790393829346,1,test
NCT02309580,0.5870985984802246,0,test
NCT02312102,0.3723675310611725,1,test
NCT02312661,0.5411666631698608,1,test
NCT02314299,0.8974114060401917,1,test
NCT02315703,0.622618556022644,1,test
NCT02316028,0.00038234677049331367,1,test
NCT02317471,0.3914564549922943,0,test
NCT02323906,0.410825252532959,0,test
NCT02324673,0.4683186411857605,1,test
NCT02325401,0.3760974705219269,1,test
NCT02329847,0.8812363743782043,1,test
NCT02332798,0.2109350860118866,1,test
NCT02336048,0.4133908450603485,0,test
NCT02337543,0.2476584017276764,1,test
NCT02339168,0.40907925367355347,1,test
NCT02339207,0.7617828249931335,1,test
NCT02339324,0.37146610021591187,1,test
NCT02344810,0.5452521443367004,0,test
NCT02349009,0.796239972114563,1,test
NCT02350725,0.7717257738113403,1,test
NCT02354131,0.5550047159194946,1,test
NCT02354690,0.37146610021591187,0,test
NCT02354937,0.5710806250572205,0,test
NCT02356289,0.622618556022644,1,test
NCT02359058,0.8138309121131897,1,test
NCT02360657,0.509717583656311,1,test
NCT02363855,0.63335120677948,1,test
NCT02365532,0.4683186411857605,1,test
NCT02367183,0.2993355691432953,1,test
NCT02369523,0.06869719177484512,0,test
NCT02370680,0.023460008203983307,1,test
NCT02370888,0.9936425685882568,0,test
NCT02372240,0.5536584854125977,0,test
NCT02373072,0.3919244408607483,1,test
NCT02374047,0.5239666700363159,1,test
NCT02377895,0.7756258845329285,1,test
NCT02379195,0.37146610021591187,1,test
NCT02379247,0.519379198551178,1,test
NCT02379910,0.28567469120025635,1,test
NCT02381080,0.4133908450603485,1,test
NCT02382406,0.3453196883201599,0,test
NCT02382666,0.4683186411857605,1,test
NCT02383511,0.4683186411857605,1,test
NCT02384746,0.519379198551178,0,test
NCT02385669,0.37146610021591187,0,test
NCT02388464,0.0235703494399786,1,test
NCT02389842,0.519379198551178,1,test
NCT02392039,0.5870985984802246,0,test
NCT02393209,0.3453196883201599,0,test
NCT02393755,0.5099034309387207,1,test
NCT02398058,0.42305248975753784,1,test
NCT02401737,0.5606755018234253,1,test
NCT02403271,0.462395042181015,1,test
NCT02403648,0.4683186411857605,1,test
NCT02403713,0.690162718296051,1,test
NCT02406521,0.410825252532959,1,test
NCT02407080,0.6472397446632385,1,test
NCT02411565,0.5550047159194946,0,test
NCT02411825,0.8152530193328857,1,test
NCT02414503,0.4683186411857605,1,test
NCT02414932,0.8864009380340576,0,test
NCT02418624,0.7515836954116821,1,test
NCT02422199,0.519379198551178,1,test
NCT02422381,0.5004231333732605,1,test
NCT02425306,0.37146610021591187,0,test
NCT02429089,0.410825252532959,0,test
NCT02429804,0.3672703504562378,0,test
NCT02432261,0.622618556022644,1,test
NCT02435342,0.8238052129745483,1,test
NCT02438215,0.57609623670578,1,test
NCT02439190,0.9621940851211548,1,test
NCT02439216,0.4683186411857605,1,test
NCT02442531,0.5550047159194946,1,test
NCT02442739,0.8306248188018799,0,test
NCT02442960,0.9917150139808655,0,test
NCT02446964,0.2697577476501465,1,test
NCT02450201,0.40907925367355347,0,test
NCT02457286,0.0004390668764244765,0,test
NCT02459886,0.7191523909568787,1,test
NCT02459938,0.4683186411857605,1,test
NCT02465983,0.47212812304496765,0,test
NCT02467946,0.9800123572349548,1,test
NCT02468661,0.3453196883201599,0,test
NCT02472795,0.6614505052566528,1,test
NCT02473367,0.5710806250572205,0,test
NCT02476058,0.990047037601471,1,test
NCT02477215,0.5536584854125977,1,test
NCT02478125,0.40907925367355347,0,test
NCT02481180,0.8035552501678467,0,test
NCT02482441,0.21754160523414612,0,test
NCT02483104,0.5550047159194946,1,test
NCT02483871,0.519379198551178,0,test
NCT02485249,0.4683186411857605,0,test
NCT02487459,0.8812363743782043,0,test
NCT02493751,0.2138465940952301,1,test
NCT02495233,0.3453196883201599,0,test
NCT02497378,0.5536584854125977,1,test
NCT02499770,0.3453196883201599,1,test
NCT02499874,0.6447216272354126,1,test
NCT02500979,0.753731369972229,1,test
NCT02504554,0.8506420850753784,1,test
NCT02508246,0.410825252532959,1,test
NCT02508870,0.46162039041519165,0,test
NCT02510534,0.4683186411857605,0,test
NCT02510950,0.583438515663147,0,test
NCT02514447,0.3453196883201599,1,test
NCT02515669,0.4683186411857605,1,test
NCT02519452,0.5536584854125977,1,test
NCT02528396,0.753731369972229,1,test
NCT02529072,0.5002140998840332,0,test
NCT02530476,0.3908158838748932,1,test
NCT02532114,0.3914564549922943,0,test
NCT02532764,0.7567096948623657,1,test
NCT02535104,0.4683186411857605,1,test
NCT02538367,0.9970523118972778,1,test
NCT02538510,0.4670746326446533,1,test
NCT02543918,0.622618556022644,1,test
NCT02543931,0.8035552501678467,0,test
NCT02548468,0.6437646150588989,0,test
NCT02548585,0.8152530193328857,1,test
NCT02548806,0.622618556022644,1,test
NCT02550678,0.7064921259880066,1,test
NCT02550743,0.5550047159194946,0,test
NCT02555007,0.3453196883201599,1,test
NCT02555709,0.8238052129745483,1,test
NCT02557854,0.25558826327323914,0,test
NCT02561273,0.5870985984802246,1,test
NCT02562313,0.753731369972229,1,test
NCT02562326,0.8152530193328857,1,test
NCT02565628,0.57609623670578,0,test
NCT02568280,0.8994863629341125,1,test
NCT02568683,0.5870985984802246,0,test
NCT02572167,0.5870985984802246,1,test
NCT02572687,0.3923160135746002,1,test
NCT02580695,0.11943146586418152,1,test
NCT02581501,0.47212812304496765,0,test
NCT02582840,0.753731369972229,0,test
NCT02583373,0.4683186411857605,1,test
NCT02587741,0.9207959175109863,1,test
NCT02589145,0.5870985984802246,0,test
NCT02593760,0.4863182306289673,0,test
NCT02595437,0.6773002743721008,1,test
NCT02596399,0.5418317914009094,1,test
NCT02597400,0.8152530193328857,0,test
NCT02603861,0.622618556022644,1,test
NCT02603952,0.02620558999478817,1,test
NCT02604719,0.4683186411857605,1,test
NCT02608437,0.37146610021591187,1,test
NCT02610075,0.5550047159194946,1,test
NCT02611908,0.4133908450603485,0,test
NCT02612246,0.622618556022644,1,test
NCT02613221,0.5550047159194946,0,test
NCT02614456,0.7681069374084473,1,test
NCT02614586,0.2109350860118866,0,test
NCT02618187,0.9917150139808655,1,test
NCT02620423,0.3914564549922943,1,test
NCT02622074,0.519379198551178,1,test
NCT02622932,0.7681069374084473,1,test
NCT02624089,0.4683186411857605,0,test
NCT02630004,0.07721460610628128,1,test
NCT02630368,0.519379198551178,0,test
NCT02630823,0.752652645111084,1,test
NCT02630927,0.07513654977083206,0,test
NCT02631577,0.5870985984802246,1,test
NCT02631928,0.7422101497650146,1,test
NCT02635074,0.47312837839126587,0,test
NCT02636426,0.5550047159194946,0,test
NCT02639052,0.4683186411857605,1,test
NCT02639117,0.962157666683197,1,test
NCT02639767,0.7606419324874878,0,test
NCT02642614,0.3757370412349701,1,test
NCT02642965,0.9432645440101624,1,test
NCT02647086,0.28567469120025635,1,test
NCT02647281,0.4233430325984955,1,test
NCT02648672,0.509717583656311,1,test
NCT02649686,0.519379198551178,0,test
NCT02650752,0.519379198551178,1,test
NCT02650973,0.622618556022644,1,test
NCT02652416,0.622618556022644,1,test
NCT02655458,0.5536584854125977,1,test
NCT02655952,0.4726603031158447,1,test
NCT02658084,0.519379198551178,0,test
NCT02661815,0.5129142999649048,0,test
NCT02662712,0.622618556022644,1,test
NCT02670941,0.4683186411857605,0,test
NCT02674321,0.6502056121826172,1,test
NCT02676323,0.3723675310611725,0,test
NCT02678923,0.8146459460258484,0,test
NCT02680951,0.43937790393829346,0,test
NCT02683148,0.4683186411857605,0,test
NCT02687009,0.4832100570201874,0,test
NCT02691871,0.5004231333732605,1,test
NCT02697383,0.981149435043335,0,test
NCT02697851,0.6447216272354126,0,test
NCT02704494,0.22640271484851837,1,test
NCT02704702,0.4963243901729584,1,test
NCT02708680,0.519379198551178,0,test
NCT02709850,0.6840940713882446,1,test
NCT02710630,0.622618556022644,1,test
NCT02711462,0.622618556022644,0,test
NCT02713477,0.8152530193328857,1,test
NCT02716012,0.336203008890152,1,test
NCT02716805,0.5536584854125977,0,test
NCT02718495,0.7567096948623657,1,test
NCT02721459,0.37146610021591187,0,test
NCT02723006,0.37146610021591187,0,test
NCT02727283,0.9909481406211853,1,test
NCT02727777,0.5870985984802246,0,test
NCT02728700,0.047324664890766144,0,test
NCT02729194,0.410825252532959,1,test
NCT02732119,0.519379198551178,1,test
NCT02734160,0.47212812304496765,1,test
NCT02737722,0.9798491597175598,1,test
NCT02737787,0.6706596612930298,1,test
NCT02739009,0.4520430564880371,1,test
NCT02739906,0.753731369972229,1,test
NCT02740712,0.5550047159194946,0,test
NCT02743546,0.4674783945083618,0,test
NCT02743780,0.35484540462493896,0,test
NCT02744456,0.4963243901729584,1,test
NCT02751385,0.5004231333732605,0,test
NCT02757521,0.4683186411857605,0,test
NCT02759107,0.7129839062690735,1,test
NCT02760758,0.5994810461997986,1,test
NCT02762474,0.4483014643192291,1,test
NCT02762617,0.6502814292907715,0,test
NCT02770521,0.622618556022644,1,test
NCT02773381,0.8042500615119934,1,test
NCT02773459,0.4786283075809479,1,test
NCT02775812,0.410825252532959,1,test
NCT02777827,0.690162718296051,1,test
NCT02780804,0.2995454967021942,1,test
NCT02782182,0.3914564549922943,0,test
NCT02782403,0.5358622670173645,0,test
NCT02783599,0.42305248975753784,1,test
NCT02800811,0.8035552501678467,1,test
NCT02800889,0.5870985984802246,0,test
NCT02801487,0.3914564549922943,0,test
NCT02802748,0.519379198551178,1,test
NCT02806817,0.5943393707275391,1,test
NCT02809183,0.4683186411857605,1,test
NCT02812693,0.21788056194782257,0,test
NCT02815488,0.3757370412349701,0,test
NCT02815540,0.4683186411857605,0,test
NCT02818348,0.6447216272354126,1,test
NCT02819804,0.29079553484916687,0,test
NCT02820896,0.509717583656311,1,test
NCT02824055,0.2109350860118866,0,test
NCT02824536,0.6447216272354126,1,test
NCT02826798,0.4683186411857605,1,test
NCT02830542,0.4683186411857605,1,test
NCT02834247,0.776296854019165,0,test
NCT02835833,0.45049771666526794,1,test
NCT02840279,0.509717583656311,1,test
NCT02845050,0.7782636880874634,0,test
NCT02848313,0.6542366743087769,1,test
NCT02856750,0.7638968229293823,0,test
NCT02858401,0.6447216272354126,1,test
NCT02862145,0.37146610021591187,0,test
NCT02864264,0.9917150139808655,0,test
NCT02865538,0.4683186411857605,1,test
NCT02875678,0.4683186411857605,0,test
NCT02882217,0.690162718296051,1,test
NCT02886559,0.6622287631034851,1,test
NCT02888665,0.25558826327323914,1,test
NCT02891616,0.37146610021591187,0,test
NCT02898116,0.3396557867527008,0,test
NCT02903069,0.5002140998840332,1,test
NCT02907567,0.509717583656311,1,test
NCT02909452,0.487883985042572,1,test
NCT02911467,0.40907925367355347,0,test
NCT02911597,0.8864009380340576,1,test
NCT02912234,0.4683186411857605,1,test
NCT02914327,0.5550047159194946,0,test
NCT02914353,0.4683186411857605,1,test
NCT02915250,0.8152530193328857,1,test
NCT02915523,0.6742830276489258,0,test
NCT02915666,0.37146610021591187,0,test
NCT02920424,0.6614505052566528,0,test
NCT02920450,0.3453196883201599,0,test
NCT02929498,0.46162039041519165,0,test
NCT02935647,0.990047037601471,1,test
NCT02935725,0.2109350860118866,1,test
NCT02936206,0.519379198551178,0,test
NCT02938273,0.410825252532959,1,test
NCT02940002,0.8238052129745483,1,test
NCT02941523,0.5550047159194946,1,test
NCT02945020,0.622618556022644,1,test
NCT02950259,0.519379198551178,1,test
NCT02955810,0.5536584854125977,1,test
NCT02956538,0.2993355691432953,1,test
NCT02957630,0.014352395199239254,1,test
NCT02958982,0.690162718296051,0,test
NCT02959619,0.3453196883201599,1,test
NCT02963051,0.40907925367355347,0,test
NCT02963376,0.012147736735641956,1,test
NCT02963610,0.1874355971813202,0,test
NCT02964377,0.4683186411857605,1,test
NCT02966730,0.5870985984802246,0,test
NCT02967731,0.4683186411857605,1,test
NCT02968680,0.37146610021591187,0,test
NCT02970032,0.4683186411857605,0,test
NCT02973399,0.5550047159194946,0,test
NCT02975557,0.9750120639801025,0,test
NCT02985554,0.8812363743782043,0,test
NCT02989870,0.336203008890152,0,test
NCT02993471,0.8238052129745483,0,test
NCT02994953,0.7681069374084473,0,test
NCT03004846,0.8238052129745483,0,test
NCT03010358,0.16713565587997437,1,test
NCT03014219,0.6925088763237,0,test
NCT03023423,0.5004231333732605,0,test
NCT03023527,0.5536584854125977,0,test
NCT03025009,0.622618556022644,0,test
NCT03026166,0.3453196883201599,0,test
NCT03031691,0.5550047159194946,0,test
NCT03043599,0.3453196883201599,0,test
NCT03043989,0.40907925367355347,0,test
NCT03047096,0.11943146586418152,1,test
NCT03051646,0.6317998766899109,1,test
NCT03054207,0.6447216272354126,0,test
NCT03055845,0.4683186411857605,1,test
NCT03056456,0.753731369972229,1,test
NCT03057509,0.4683186411857605,0,test
NCT03058562,0.6502056121826172,1,test
NCT03059693,0.28567469120025635,1,test
NCT03066947,0.519379198551178,1,test
NCT03071081,0.9917150139808655,1,test
NCT03092076,0.622618556022644,0,test
NCT03102190,0.4683186411857605,0,test
NCT03106610,0.7782636880874634,0,test
NCT03113071,0.3723675310611725,0,test
NCT03113812,0.509717583656311,1,test
NCT03116971,0.3453196883201599,0,test
NCT03121716,0.3914564549922943,1,test
NCT03122678,0.4683186411857605,0,test
NCT03126097,0.622618556022644,1,test
NCT03131206,0.3453196883201599,0,test
NCT03132584,0.5870985984802246,0,test
NCT03135028,0.8956732749938965,0,test
NCT03135860,0.9964361190795898,1,test
NCT03135899,0.690162718296051,0,test
NCT03136627,0.410825252532959,1,test
NCT03139981,0.28567469120025635,1,test
NCT03140072,0.690162718296051,0,test
NCT03145948,0.8238052129745483,0,test
NCT03160001,0.9660651087760925,1,test
NCT03179332,0.753731369972229,1,test
NCT03179501,0.509717583656311,0,test
NCT03179956,0.410825252532959,0,test
NCT03192709,0.5181291699409485,1,test
NCT03198559,0.5710806250572205,0,test
NCT03208712,0.3914564549922943,0,test
NCT03227471,0.7567096948623657,1,test
NCT03248713,0.4683186411857605,0,test
NCT03249194,0.8208208084106445,1,test
NCT03249740,0.7214213609695435,1,test
NCT03253289,0.410825252532959,0,test
NCT03259516,0.46162039041519165,0,test
NCT03263533,0.2109350860118866,0,test
NCT03270332,0.995746910572052,1,test
NCT03272009,0.5606755018234253,1,test
NCT03277209,0.4683186411857605,0,test
NCT03295084,0.5550047159194946,1,test
NCT03303911,0.9999978542327881,0,test
NCT03309358,0.9984831213951111,1,test
NCT03310645,0.5675153732299805,1,test
NCT03311009,0.11943146586418152,1,test
NCT03312777,0.06869719177484512,0,test
NCT03339453,0.753731369972229,1,test
NCT03343652,0.5870985984802246,1,test
NCT03349346,0.5870985984802246,0,test
NCT03369964,0.5870985984802246,0,test
NCT03372603,0.5675153732299805,0,test
NCT03382886,0.410825252532959,0,test
NCT03383692,0.5550047159194946,0,test
NCT03391050,0.37146610021591187,0,test
NCT03399435,0.4683186411857605,0,test
NCT03411421,0.622618556022644,0,test
NCT03417830,0.8480350375175476,0,test
NCT03422874,0.6610804796218872,0,test
NCT03431610,0.28567469120025635,1,test
NCT03445013,0.8238052129745483,0,test
NCT03464864,0.8366036415100098,1,test
NCT03479411,0.690162718296051,1,test
NCT03481920,0.36148545145988464,0,test
NCT03492385,0.622618556022644,1,test
NCT03500783,0.7230655550956726,1,test
NCT03506802,0.18529942631721497,0,test
NCT03508687,0.22776305675506592,1,test
NCT03511222,0.4698047339916229,0,test
NCT03514836,0.40907925367355347,0,test
NCT03531060,0.57609623670578,1,test
NCT03558750,0.5870985984802246,0,test
NCT03572478,0.7311596870422363,0,test
NCT03576508,0.2476584017276764,1,test
NCT03590860,0.4963243901729584,0,test
NCT03591146,0.4683186411857605,1,test
NCT03600623,0.47212812304496765,0,test
NCT03601819,0.23145677149295807,0,test
NCT03605212,0.4890746772289276,0,test
NCT03606707,0.9601922035217285,1,test
NCT03652233,0.07088950276374817,0,test
NCT03672851,0.968994677066803,0,test
NCT03687125,0.46558877825737,0,test
NCT03888534,0.5870985984802246,0,test
NCT04042051,0.519379198551178,0,test
